1024
2048
4096
1024
3584
3876
5010
5219
5681
5865
6004
6178
6347
6512
6673
6830
6983
7133
7280
7424
6784
6938
6541
6701
6422
6585
6364
6528
6336
6501
6662
6819
6972
6558
6717
6430
1024
2048
3072
4096
4352
4592
4820
5037
5245
5444
5636
5822
6002
6176
6345
6510
6671
6828
6981
7131
6637
6794
6948
7098
7245
7389
7530
7669
7805
7939
8071
8200
8327
8452
8576
8698
7421
7562
7700
7836
7969
8100
8229
8356
8481
8604
7374
7516
6830
6983
7133
7280
7424
7565
7703
6923
1024
3584
3876
5010
5219
5681
5865
6043
6216
6384
6264
6431
6594
6753
6908
6526
6686
6842
6995
7144
7290
7433
7574
6859
7011
6577
6736
6440
6602
6760
6915
7066
6605
1024
3584
3876
5010
5219
5419
5612
5798
5971
6146
6145
6315
6229
6397
6270
6437
6599
6371
1024
2048
3072
4096
4352
4592
4820
5037
5245
5444
5636
5822
6002
6176
6345
6510
6671
6828